[array([[[1078,  858]],

       [[1074,  862]],

       [[1070,  862]],

       [[1070,  869]],

       [[1059,  880]],

       [[1056,  880]],

       [[1054,  882]],

       [[1053,  882]],

       [[1052,  883]],

       [[1052,  894]],

       [[1048,  898]],

       [[1048,  902]],

       [[1049,  903]],

       [[1050,  903]],

       [[1052,  905]],

       [[1048,  909]],

       [[1038,  909]],

       [[1041,  912]],

       [[1039,  914]],

       [[1039,  915]],

       [[1038,  916]],

       [[1038,  923]],

       [[1041,  923]],

       [[1045,  927]],

       [[1045,  931]],

       [[1048,  934]],

       [[1048,  989]],

       [[1045,  992]],

       [[1046,  993]],

       [[1046,  994]],

       [[1048,  996]],

       [[1041, 1003]],

       [[1038, 1003]],

       [[1038, 1010]],

       [[1030, 1018]],

       [[1019, 1018]],

       [[1017, 1016]],

       [[1017, 1015]],

       [[1016, 1014]],

       [[1016, 1010]],

       [[1012, 1010]],

       [[1009, 1007]],

       [[1001, 1007]],

       [[ 998, 1010]],

       [[ 998, 1014]],

       [[ 994, 1018]],

       [[ 990, 1018]],

       [[ 990, 1021]],

       [[ 988, 1023]],

       [[ 988, 1024]],

       [[ 987, 1025]],

       [[ 969, 1025]],

       [[ 967, 1027]],

       [[ 966, 1027]],

       [[ 965, 1028]],

       [[ 958, 1028]],

       [[ 954, 1032]],

       [[ 954, 1036]],

       [[ 943, 1047]],

       [[ 936, 1047]],

       [[ 934, 1049]],

       [[ 933, 1049]],

       [[ 932, 1050]],

       [[ 932, 1054]],

       [[ 921, 1065]],

       [[ 921, 1068]],

       [[ 917, 1072]],

       [[ 917, 1073]],

       [[ 914, 1076]],

       [[ 914, 1087]],

       [[ 915, 1088]],

       [[ 916, 1088]],

       [[ 918, 1090]],

       [[ 921, 1090]],

       [[ 925, 1094]],

       [[ 929, 1094]],

       [[ 932, 1097]],

       [[ 932, 1101]],

       [[ 936, 1105]],

       [[ 934, 1107]],

       [[ 933, 1107]],

       [[ 932, 1108]],

       [[ 936, 1112]],

       [[ 929, 1119]],

       [[ 930, 1120]],

       [[ 930, 1121]],

       [[ 932, 1123]],

       [[ 932, 1126]],

       [[ 936, 1126]],

       [[ 940, 1130]],

       [[ 940, 1137]],

       [[ 936, 1141]],

       [[ 932, 1141]],

       [[ 932, 1155]],

       [[ 930, 1157]],

       [[ 930, 1158]],

       [[ 929, 1159]],

       [[ 925, 1159]],

       [[ 925, 1166]],

       [[ 921, 1170]],

       [[ 914, 1170]],

       [[ 921, 1170]],

       [[ 925, 1174]],

       [[ 925, 1188]],

       [[ 918, 1195]],

       [[ 925, 1195]],

       [[ 926, 1194]],

       [[ 927, 1194]],

       [[ 929, 1192]],

       [[ 932, 1195]],

       [[ 932, 1199]],

       [[ 936, 1199]],

       [[ 940, 1195]],

       [[ 945, 1200]],

       [[ 945, 1201]],

       [[ 950, 1206]],

       [[ 950, 1221]],

       [[ 947, 1224]],

       [[ 943, 1224]],

       [[ 940, 1221]],

       [[ 938, 1223]],

       [[ 937, 1223]],

       [[ 936, 1224]],

       [[ 940, 1224]],

       [[ 941, 1225]],

       [[ 941, 1226]],

       [[ 943, 1228]],

       [[ 947, 1224]],

       [[ 950, 1224]],

       [[ 953, 1221]],

       [[ 954, 1221]],

       [[ 958, 1217]],

       [[ 961, 1217]],

       [[ 965, 1221]],

       [[ 963, 1223]],

       [[ 962, 1223]],

       [[ 961, 1224]],

       [[ 965, 1228]],

       [[ 965, 1232]],

       [[ 963, 1234]],

       [[ 962, 1234]],

       [[ 961, 1235]],

       [[ 969, 1235]],

       [[ 970, 1236]],

       [[ 970, 1237]],

       [[ 972, 1239]],

       [[ 983, 1239]],

       [[ 987, 1243]],

       [[ 988, 1242]],

       [[ 988, 1241]],

       [[ 990, 1239]],

       [[1001, 1239]],

       [[1004, 1242]],

       [[1005, 1242]],

       [[1009, 1246]],

       [[1012, 1243]],

       [[1016, 1243]],

       [[1017, 1242]],

       [[1017, 1241]],

       [[1019, 1239]],

       [[1027, 1239]],

       [[1028, 1238]],

       [[1028, 1237]],

       [[1030, 1235]],

       [[1034, 1239]],

       [[1038, 1239]],

       [[1045, 1246]],

       [[1048, 1243]],

       [[1052, 1243]],

       [[1052, 1235]],

       [[1053, 1234]],

       [[1054, 1234]],

       [[1056, 1232]],

       [[1056, 1228]],

       [[1057, 1227]],

       [[1057, 1226]],

       [[1059, 1224]],

       [[1067, 1224]],

       [[1068, 1225]],

       [[1068, 1226]],

       [[1070, 1228]],

       [[1070, 1235]],

       [[1068, 1237]],

       [[1068, 1238]],

       [[1067, 1239]],

       [[1067, 1243]],

       [[1062, 1248]],

       [[1061, 1248]],

       [[1056, 1253]],

       [[1103, 1253]],

       [[1107, 1257]],

       [[1107, 1272]],

       [[1121, 1272]],

       [[1124, 1269]],

       [[1124, 1268]],

       [[1128, 1264]],

       [[1132, 1264]],

       [[1136, 1268]],

       [[1136, 1272]],

       [[1143, 1272]],

       [[1146, 1275]],

       [[1150, 1275]],

       [[1154, 1279]],

       [[1161, 1279]],

       [[1165, 1275]],

       [[1166, 1276]],

       [[1166, 1277]],

       [[1168, 1279]],

       [[1168, 1282]],

       [[1176, 1282]],

       [[1177, 1283]],

       [[1177, 1284]],

       [[1179, 1286]],

       [[1183, 1286]],

       [[1184, 1287]],

       [[1184, 1288]],

       [[1186, 1290]],

       [[1190, 1290]],

       [[1191, 1291]],

       [[1192, 1291]],

       [[1194, 1293]],

       [[1194, 1297]],

       [[1195, 1296]],

       [[1195, 1295]],

       [[1197, 1293]],

       [[1201, 1293]],

       [[1201, 1290]],

       [[1205, 1286]],

       [[1206, 1287]],

       [[1206, 1288]],

       [[1208, 1290]],

       [[1212, 1290]],

       [[1213, 1289]],

       [[1213, 1288]],

       [[1215, 1286]],

       [[1219, 1286]],

       [[1223, 1290]],

       [[1226, 1290]],

       [[1230, 1286]],

       [[1234, 1286]],

       [[1235, 1285]],

       [[1235, 1284]],

       [[1237, 1282]],

       [[1245, 1282]],

       [[1252, 1275]],

       [[1253, 1276]],

       [[1253, 1277]],

       [[1255, 1279]],

       [[1259, 1275]],

       [[1274, 1275]],

       [[1275, 1276]],

       [[1275, 1277]],

       [[1277, 1279]],

       [[1281, 1275]],

       [[1284, 1275]],

       [[1284, 1261]],

       [[1292, 1253]],

       [[1299, 1253]],

       [[1299, 1250]],

       [[1306, 1243]],

       [[1306, 1235]],

       [[1307, 1234]],

       [[1308, 1234]],

       [[1310, 1232]],

       [[1317, 1232]],

       [[1317, 1228]],

       [[1324, 1221]],

       [[1328, 1221]],

       [[1332, 1217]],

       [[1335, 1217]],

       [[1339, 1221]],

       [[1339, 1224]],

       [[1340, 1223]],

       [[1341, 1223]],

       [[1343, 1221]],

       [[1350, 1221]],

       [[1350, 1214]],

       [[1353, 1211]],

       [[1353, 1210]],

       [[1357, 1206]],

       [[1357, 1203]],

       [[1353, 1199]],

       [[1357, 1195]],

       [[1364, 1195]],

       [[1364, 1192]],

       [[1372, 1184]],

       [[1373, 1185]],

       [[1373, 1186]],

       [[1375, 1188]],

       [[1375, 1177]],

       [[1372, 1174]],

       [[1372, 1166]],

       [[1370, 1164]],

       [[1369, 1164]],

       [[1368, 1163]],

       [[1368, 1159]],

       [[1364, 1155]],

       [[1364, 1152]],

       [[1362, 1150]],

       [[1362, 1149]],

       [[1361, 1148]],

       [[1361, 1141]],

       [[1357, 1141]],

       [[1353, 1137]],

       [[1354, 1136]],

       [[1355, 1136]],

       [[1357, 1134]],

       [[1357, 1130]],

       [[1346, 1119]],

       [[1346, 1112]],

       [[1350, 1108]],

       [[1350, 1101]],

       [[1361, 1090]],

       [[1368, 1090]],

       [[1368, 1083]],

       [[1372, 1079]],

       [[1372, 1076]],

       [[1364, 1068]],

       [[1364, 1032]],

       [[1367, 1029]],

       [[1368, 1029]],

       [[1372, 1025]],

       [[1372,  992]],

       [[1375,  989]],

       [[1376,  990]],

       [[1377,  990]],

       [[1379,  992]],

       [[1386,  992]],

       [[1384,  990]],

       [[1383,  990]],

       [[1382,  989]],

       [[1379,  989]],

       [[1375,  985]],

       [[1375,  978]],

       [[1373,  976]],

       [[1373,  975]],

       [[1372,  974]],

       [[1364,  974]],

       [[1357,  967]],

       [[1346,  967]],

       [[1344,  965]],

       [[1344,  964]],

       [[1343,  963]],

       [[1343,  960]],

       [[1335,  952]],

       [[1335,  945]],

       [[1317,  945]],

       [[1313,  941]],

       [[1310,  941]],

       [[1310,  949]],

       [[1308,  951]],

       [[1307,  951]],

       [[1306,  952]],

       [[1288,  952]],

       [[1286,  950]],

       [[1285,  950]],

       [[1284,  949]],

       [[1281,  949]],

       [[1277,  945]],

       [[1277,  941]],

       [[1270,  941]],

       [[1263,  934]],

       [[1263,  931]],

       [[1259,  931]],

       [[1255,  927]],

       [[1255,  926]],

       [[1252,  923]],

       [[1245,  923]],

       [[1237,  931]],

       [[1234,  931]],

       [[1230,  927]],

       [[1223,  927]],

       [[1219,  923]],

       [[1219,  920]],

       [[1215,  920]],

       [[1211,  916]],

       [[1211,  915]],

       [[1208,  912]],

       [[1208,  909]],

       [[1205,  909]],

       [[1201,  905]],

       [[1202,  904]],

       [[1203,  904]],

       [[1205,  902]],

       [[1219,  902]],

       [[1212,  902]],

       [[1208,  898]],

       [[1201,  898]],

       [[1197,  894]],

       [[1198,  893]],

       [[1199,  893]],

       [[1201,  891]],

       [[1197,  887]],

       [[1194,  887]],

       [[1194,  891]],

       [[1192,  893]],

       [[1191,  893]],

       [[1190,  894]],

       [[1186,  894]],

       [[1183,  891]],

       [[1183,  883]],

       [[1186,  880]],

       [[1183,  880]],

       [[1183,  883]],

       [[1179,  887]],

       [[1172,  887]],

       [[1168,  883]],

       [[1168,  880]],

       [[1172,  876]],

       [[1168,  876]],

       [[1166,  878]],

       [[1166,  879]],

       [[1165,  880]],

       [[1161,  880]],

       [[1157,  876]],

       [[1157,  875]],

       [[1154,  872]],

       [[1146,  872]],

       [[1143,  869]],

       [[1143,  865]],

       [[1139,  865]],

       [[1136,  862]],

       [[1128,  862]],

       [[1126,  860]],

       [[1126,  859]],

       [[1125,  858]],

       [[1114,  858]],

       [[1114,  862]],

       [[1112,  864]],

       [[1111,  864]],

       [[1110,  865]],

       [[1092,  865]],

       [[1090,  863]],

       [[1089,  863]],

       [[1088,  862]],

       [[1081,  862]],

       [[1079,  860]],

       [[1079,  859]]], dtype=int32)]